# Blender v2.81 (sub 16) OBJ File: 'foerderband_test_1.blend'
# www.blender.org
mtllib foerderband_1.mtl
o Cube
v 15.866934 4.750752 7.433812
v 15.866934 4.552772 7.494090
v 15.866934 9.525511 23.116432
v 15.866934 9.327530 23.176710
v 7.112772 4.750752 7.433812
v 7.112772 4.552772 7.494090
v 7.112772 9.525511 23.116432
v 7.112772 9.327530 23.176710
vt 0.625000 0.500000
vt 0.875000 0.500000
vt 0.875000 0.750000
vt 0.625000 0.750000
vt 0.375000 0.750000
vt 0.625000 1.000000
vt 0.375000 1.000000
vt 0.375000 0.000000
vt 0.625000 0.000000
vt 0.625000 0.250000
vt 0.375000 0.250000
vt 0.125000 0.500000
vt 0.375000 0.500000
vt 0.125000 0.750000
vn 0.0000 0.9566 -0.2913
vn 0.0000 0.2913 0.9566
vn -1.0000 -0.0000 0.0000
vn 0.0000 -0.9566 0.2913
vn 1.0000 -0.0000 0.0000
vn 0.0000 -0.2913 -0.9566
usemtl Material
s off
f 1/1/1 5/2/1 7/3/1 3/4/1
f 4/5/2 3/4/2 7/6/2 8/7/2
f 8/8/3 7/9/3 5/10/3 6/11/3
f 6/12/4 2/13/4 4/5/4 8/14/4
f 2/13/5 1/1/5 3/4/5 4/5/5
f 6/11/6 5/10/6 1/1/6 2/13/6
o Cube.001
v 6.393792 8.764756 23.377476
v 6.393792 12.273461 22.309210
v 6.393792 3.973601 7.641001
v 6.393792 7.482306 6.572735
v 7.094140 8.764756 23.377476
v 7.094140 12.273461 22.309210
v 7.094140 3.973601 7.641001
v 7.094140 7.482306 6.572735
vt 0.375000 0.000000
vt 0.625000 0.000000
vt 0.625000 0.250000
vt 0.375000 0.250000
vt 0.625000 0.500000
vt 0.375000 0.500000
vt 0.625000 0.750000
vt 0.375000 0.750000
vt 0.625000 1.000000
vt 0.375000 1.000000
vt 0.125000 0.500000
vt 0.125000 0.750000
vt 0.875000 0.500000
vt 0.875000 0.750000
vn -1.0000 -0.0000 0.0000
vn 0.0000 -0.2913 -0.9566
vn 1.0000 0.0000 0.0000
vn 0.0000 0.2913 0.9566
vn 0.0000 -0.9566 0.2913
vn 0.0000 0.9566 -0.2913
usemtl None
s off
f 9/15/7 10/16/7 12/17/7 11/18/7
f 11/18/8 12/17/8 16/19/8 15/20/8
f 15/20/9 16/19/9 14/21/9 13/22/9
f 13/22/10 14/21/10 10/23/10 9/24/10
f 11/25/11 15/20/11 13/22/11 9/26/11
f 16/19/12 12/27/12 10/28/12 14/21/12
o Cube.002
v 15.856419 8.767208 23.388420
v 15.856419 12.275913 22.320154
v 15.856419 3.976053 7.651947
v 15.856419 7.484758 6.583680
v 16.556767 8.767208 23.388420
v 16.556767 12.275913 22.320154
v 16.556767 3.976053 7.651947
v 16.556767 7.484758 6.583680
vt 0.375000 0.000000
vt 0.625000 0.000000
vt 0.625000 0.250000
vt 0.375000 0.250000
vt 0.625000 0.500000
vt 0.375000 0.500000
vt 0.625000 0.750000
vt 0.375000 0.750000
vt 0.625000 1.000000
vt 0.375000 1.000000
vt 0.125000 0.500000
vt 0.125000 0.750000
vt 0.875000 0.500000
vt 0.875000 0.750000
vn -1.0000 0.0000 0.0000
vn 0.0000 -0.2913 -0.9566
vn 1.0000 -0.0000 0.0000
vn 0.0000 0.2913 0.9566
vn 0.0000 -0.9566 0.2913
vn 0.0000 0.9566 -0.2913
usemtl None
s off
f 17/29/13 18/30/13 20/31/13 19/32/13
f 19/32/14 20/31/14 24/33/14 23/34/14
f 23/34/15 24/33/15 22/35/15 21/36/15
f 21/36/16 22/35/16 18/37/16 17/38/16
f 19/39/17 23/34/17 21/36/17 17/40/17
f 24/33/18 20/41/18 18/42/18 22/35/18
